word
a
about
above
after
again
against
all
am
an
and
any
are
as
at
b
be
because
been
before
being
below
between
both
but
by
c
can
d
did
do
does
doing
down
during
e
each
f
few
for
from
further
g
h
had
has
have
having
he
her
here
hers
herself
him
himself
his
how
i
if
in
into
is
it
its
itself
j
just
k
l
ll
m
ma
me
more
most
my
myself
n
now
o
of
off
on
once
only
or
other
our
ours
ourselves
out
over
own
p
q
r
re
s
same
shan
she
shes
should
shouldve
so
some
such
t
than
that
thatll
the
their
theirs
them
themselves
then
there
these
they
this
those
through
to
too
u
under
until
up
url
user
v
ve
very
w
was
we
were
what
when
where
which
while
who
whom
why
will
with
x
y
you
youd
youll
your
youre
yours
yourself
yourselves
youve
z
